202.28
296.36
205.24
132.29
198.66
115.42
90.35
108.24
151.41
122.50
94.74
102.08
94.74
116.85
102.19
116.85
103.51
106.30
106.93
130.84
97.43
120.79
120.79
101.07
92.61
133.91
194.01
132.29
108.25
101.07
132.74
106.12
87.20
102.08
106.12
107.06
142.13
102.19
89.27
111.76
101.79
108.15
144.37
130.84
112.31
89.98
136.56
75.28
106.07
142.07
151.35
120.00
144.45
202.28
105.23
105.23
106.18
90.09
296.36
106.18
109.98
131.55
154.46
228.96
109.98
132.74
87.20
86.35
123.84
147.95
134.10
157.44
123.84
86.38
142.13
111.76
103.51
112.54
121.54
149.93
199.12
107.11
108.15
94.89
96.02
109.61
89.98
115.62
136.56
106.07
151.35
115.62
106.55
143.68
302.96
106.55
194.01
144.45
94.77
131.59
107.16
90.09
168.81
117.47
154.46
161.12
164.17
134.10
116.83
157.44
86.38
96.33
101.85
149.52
121.54
117.57
85.35
149.93
107.11
88.85
109.61
88.85
95.05
128.33
93.39
143.68
92.04
102.31
107.92
162.71
130.22
170.52
107.16
107.92
216.24
222.20
126.19
85.62
107.43
85.62
220.43
110.22
144.58
164.17
103.00
220.43
103.84
81.29
85.35
127.09
96.62
114.69
149.54
105.75
96.62
302.96
133.96
95.05
90.99
116.41
93.39
162.71
106.33
109.06
142.12
115.68
170.52
128.85
107.43
137.13
155.19
101.00
101.98
101.98
163.37
103.84
118.94
96.09
104.36
118.32
96.09
119.92
114.69
107.02
149.54
102.97
103.77
148.72
90.71
154.43
128.37
110.00
213.68
101.97
87.37
213.68
119.34
222.20
155.19
117.12
149.47
101.00
117.12
107.58
106.49
89.32
107.58
103.55
161.14
103.55
96.96
80.57
163.37
101.38
95.77
88.00
121.16
88.00
115.66
211.28
103.77
115.66
108.05
247.91
206.20
148.72
115.07
104.34
128.37
115.07
87.94
101.11
111.55
142.10
97.91
99.15
119.34
129.45
90.92
107.12
130.21
161.14
107.12
112.15
152.38
85.01
159.55
79.63
112.15
108.25
119.34
80.57
103.81
114.45
95.77
103.81
106.13
104.34
96.74
118.85
87.94
96.74
92.89
99.46
106.68
125.28
129.45
105.06
150.80
126.08
98.40
105.06
102.68
130.21
90.02
87.77
85.01
107.84
159.55
119.34
107.84
111.50
97.85
114.45
111.50
104.52
106.13
104.52
199.00
217.26
284.82
211.28
199.00
107.24
158.15
193.86
247.91
97.70
111.10
118.85
97.70
108.16
141.77
145.20
197.30
118.82
108.16
105.43
125.28
150.80
105.43
119.22
135.54
142.04
237.66
119.22
137.75
102.68
80.90
151.92
213.21
87.77
221.64
115.80
158.15
111.10
125.80
89.59
136.72
145.20
135.54
146.49
169.56
157.01
119.36
96.01
186.26
97.61
210.40
309.76
210.40
209.62
171.05
193.86
209.62
113.99
89.59
89.67
136.72
127.81
93.38
105.63
93.38
114.60
114.49
237.66
169.56
157.01
114.60
203.57
138.60
95.34
252.60
213.21
140.71
201.70
113.99
101.04
95.79
166.18
101.04
129.85
115.18
114.49
100.02
104.92
148.49
109.18
95.34
104.92
105.04
214.74
151.77
186.26
114.80
107.72
215.68
299.85
107.72
89.34
146.70
82.64
138.00
110.31
98.12
110.31
206.20
166.69
129.85
206.20
116.60
94.92
116.60
95.69
105.84
148.49
95.69
104.05
151.93
219.51
101.22
215.28
105.04
101.22
196.63
298.08
252.60
201.70
211.39
220.40
94.13
100.24
146.70
100.24
135.77
82.64
111.02
92.28
115.14
138.00
98.12
108.65
150.57
119.04
111.12
138.11
96.83
77.36
144.96
94.92
77.36
118.17
143.50
110.92
151.93
109.24
156.35
112.22
212.00
109.52
141.52
115.14
212.00
106.19
94.05
108.65
107.49
150.57
96.83
107.49
108.16
124.49
136.49
108.16
107.11
95.34
144.96
118.17
154.45
107.11
105.94
96.90
109.24
109.61
219.51
156.35
109.61
92.52
215.28
92.52
103.64
84.24
196.63
103.64
117.80
142.13
112.20
220.40
107.15
112.13
217.56
98.41
94.05
207.19
122.77
109.94
100.65
136.49
95.34
109.94
117.77
96.90
125.37
118.72
84.24
122.46
105.19
138.64
92.44
101.08
119.42
112.13
192.25
207.06
122.77
210.02
151.63
180.50
100.65
210.02
109.60
123.34
222.53
117.77
109.60
107.20
160.77
104.00
146.07
152.40
122.09
98.03
189.85
124.08
102.86
155.17
106.26
122.46
102.86
107.18
89.01
148.83
119.42
89.01
124.29
103.94
104.39
124.29
104.28
151.63
150.28
167.18
171.05
146.07
124.34
152.40
155.17
144.39
108.30
170.98
106.26
116.09
145.39
116.09
102.31
158.45
87.49
119.00
148.83
119.00
85.44
126.37
92.20
106.17
107.50
106.72
106.10
130.49
180.50
150.28
222.56
120.00
159.08
222.56
98.20
113.60
195.54
124.34
166.57
104.78
111.82
170.98
135.32
158.45
198.51
146.39
95.61
106.11
100.32
164.12
85.44
118.80
109.30
126.37
85.36
191.44
107.18
120.95
130.49
98.80
98.79
98.80
217.18
104.03
97.79
217.18
103.95
142.31
129.00
99.60
123.32
135.66
89.59
148.27
109.37
123.32
104.02
108.60
97.30
139.63
97.30
216.97
115.58
216.97
115.09
164.12
109.30
103.89
120.95
102.11
102.11
108.25
104.03
108.25
208.31
135.66
208.31
110.23
106.79
108.60
213.15
213.15
204.08
115.09
116.78
103.89
116.78
151.85
107.92
